 -0.0300   0.0000  -0.0000   3.1416   0.0000   3.1416   0.0600   0.0889   0.0890
  0.0258  -0.0000   0.0210  -0.0003   1.4135   1.5708   0.0246   0.0480   0.0818
  0.0333  -0.0030   0.0008  -1.5708  -1.4853  -1.5708   0.0210   0.0253   0.0919
  0.0174  -0.0173   0.0006   1.5705   0.7882   1.5708   0.0230   0.0190   0.0680
 -0.0258   0.0000   0.0210   0.0003  -1.4135  -1.5708   0.0246   0.0480   0.0818
  0.0333  -0.0030   0.0008  -1.5708  -1.4853  -1.5708   0.0210   0.0253   0.0919
  0.0174  -0.0173   0.0006   1.5705   0.7882   1.5708   0.0230   0.0190   0.0680
 -0.0215   0.0000  -0.0482   0.0000  -1.5708   1.5708   0.0240   0.0260   0.0430
  0.0333  -0.0030   0.0008   1.5708   1.4853  -1.5708   0.0210   0.0253   0.0919
  0.0174  -0.0173   0.0006  -1.5704  -0.7882   1.5708   0.0230   0.0190   0.0680
